29.6,-5.5,103.5,102421.20833333333
28.5,-8.5,105.5,102422.20833333333
28.5,-6.5,105.5,102423.20833333333
29.8,-6.5,105.5,102424.20833333333
27.200000000000003,-9.96,105.12,102424.29166666667
27.200000000000003,-9.700000000000001,105.18,102424.375
27.200000000000003,-9.43,105.24000000000001,102424.45833333333
27.200000000000003,-9.17,105.3,102424.54166666667
27.200000000000003,-8.91,105.35000000000001,102424.625
27.200000000000003,-8.65,105.41,102424.70833333333
27.200000000000003,-8.47,105.38,102424.79166666667
27.200000000000003,-8.28,105.42,102424.875
27.200000000000003,-8.08,105.43,102424.95833333333
27.200000000000003,-7.95,105.4,102425.04166666667
27.200000000000003,-7.86,105.39,102425.125
28.5,-6.5,105.5,102425.20833333333
27.200000000000003,-7.73,105.37,102425.20833333333
27.200000000000003,-7.63,105.35000000000001,102425.29166666667
29.3,-5.5,103.5,102425.375
27.200000000000003,-7.54,105.33,102425.375
27.200000000000003,-7.46,105.26,102425.45833333333
28.6,-5.5,102.5,102425.54166666667
27.200000000000003,-7.42,105.22,102425.54166666667
27.200000000000003,-7.37,105.17,102425.625
27.200000000000003,-7.32,105.12,102425.70833333333
27.200000000000003,-9.5,105.5,102425.875
27.200000000000003,-9.5,105.5,102426.04166666667
27.700000000000003,-8.5,105.5,102426.20833333333
28.0,-8.5,105.5,102426.20833333333
27.700000000000003,-7.5,105.5,102426.375
27.700000000000003,-7.5,105.5,102426.54166666667
27.8,-7.5,105.5,102426.70833333333
28.900000000000002,-6.67,104.98,102426.79166666667
28.900000000000002,-6.61,104.96000000000001,102426.875
28.900000000000002,-6.5200000000000005,105.05,102426.95833333333
28.900000000000002,-6.5200000000000005,105.05,102427.04166666667
28.900000000000002,-6.45,105.17,102427.125
28.900000000000002,-6.45,105.17,102427.20833333333
28.3,-6.34,105.34,102427.29166666667
28.3,-6.24,105.51,102427.375
28.3,-6.15,105.65,102427.45833333333
28.3,-6.0600000000000005,105.79,102427.54166666667
28.3,-5.91,105.86,102427.625
28.3,-5.91,105.86,102427.70833333333
26.0,-9.5,104.5,102428.70833333333
26.0,-8.5,104.5,102428.875
28.1,-5.5,106.5,102430.20833333333
27.200000000000003,-9.5,104.5,102435.875
27.0,-9.5,104.5,102436.375
27.8,-9.5,104.5,102436.54166666667
27.200000000000003,-8.5,104.5,102436.70833333333
26.6,-9.5,114.5,102436.83333333333
27.200000000000003,-9.5,114.5,102437.16666666667
27.6,-9.5,114.5,102437.33333333333
27.6,-8.5,113.5,102437.5
27.200000000000003,-9.5,113.5,102437.66666666667
26.8,-9.5,113.5,102437.83333333333
27.1,-9.5,113.5,102438.0
27.200000000000003,-9.5,114.5,102438.16666666667
28.400000000000002,-6.5,105.5,102438.54166666667
28.0,-6.5,104.5,102438.70833333333
28.0,-8.5,104.5,102438.70833333333
28.3,-9.97,104.35000000000001,102438.79166666667
28.0,-6.5,103.5,102438.875
27.900000000000002,-8.5,104.5,102438.875
28.3,-9.97,104.35000000000001,102438.875
28.3,-9.97,104.35000000000001,102438.95833333333
28.400000000000002,-6.5,103.5,102439.04166666667
28.3,-7.5,104.5,102439.04166666667
28.3,-9.97,104.35000000000001,102439.04166666667
28.3,-9.97,104.35000000000001,102439.125
28.8,-6.5,102.5,102439.20833333333
28.3,-9.97,104.35000000000001,102439.20833333333
28.900000000000002,-9.93,104.35000000000001,102439.29166666667
28.700000000000003,-6.5,101.5,102439.375
28.900000000000002,-9.93,104.35000000000001,102439.375
28.900000000000002,-9.91,104.37,102439.45833333333
28.5,-5.5,101.5,102439.54166666667
28.900000000000002,-9.9,104.41,102439.54166666667
28.3,-9.9,104.41,102439.625
28.200000000000003,-5.5,100.5,102439.70833333333
28.3,-9.9,104.41,102439.70833333333
28.3,-9.53,104.55,102439.79166666667
29.0,-7.5,104.5,102439.875
28.3,-9.53,104.55,102439.875
27.8,-9.53,104.55,102439.95833333333
28.1,-7.5,104.5,102440.04166666667
27.8,-9.52,104.63,102440.04166666667
28.3,-9.52,104.63,102440.125
28.3,-7.5,105.5,102440.20833333333
28.3,-9.52,104.63,102440.20833333333
26.1,-9.5,104.69,102440.29166666667
26.1,-9.6,104.76,102440.375
26.1,-9.65,104.77,102440.45833333333
28.3,-9.59,104.82000000000001,102440.54166666667
28.3,-9.5,104.87,102440.625
28.3,-9.450000000000001,104.88,102440.70833333333
27.8,-9.31,104.97,102440.79166666667
27.8,-9.31,104.97,102440.875
27.8,-9.28,105.01,102440.95833333333
27.8,-9.28,105.01,102441.04166666667
27.8,-9.23,105.12,102441.125
27.8,-9.23,105.12,102441.20833333333
27.900000000000002,-9.5,105.5,102441.20833333333
27.200000000000003,-9.120000000000001,105.15,102441.29166666667
27.8,-9.120000000000001,105.15,102441.375
27.8,-9.120000000000001,105.15,102441.45833333333
27.8,-9.120000000000001,105.15,102441.54166666667
27.8,-9.120000000000001,105.15,102441.625
27.8,-9.120000000000001,105.15,102441.70833333333
27.8,-8.9,105.56,102441.79166666667
27.8,-8.9,105.56,102441.875
27.8,-8.9,105.56,102441.95833333333
28.3,-8.9,105.56,102442.04166666667
28.3,-8.870000000000001,105.57000000000001,102442.125
28.200000000000003,-8.5,105.5,102442.20833333333
28.3,-8.870000000000001,105.57000000000001,102442.20833333333
28.3,-8.83,105.56,102442.29166666667
28.3,-8.83,105.56,102442.375
27.8,-8.83,105.56,102442.45833333333
28.3,-8.83,105.56,102442.54166666667
28.3,-8.83,105.56,102442.625
28.900000000000002,-8.83,105.56,102442.70833333333
28.3,-8.28,105.66,102442.79166666667
28.3,-8.28,105.66,102442.875
28.3,-8.28,105.66,102442.95833333333
28.3,-8.28,105.66,102443.04166666667
28.3,-8.26,105.54,102443.125
27.900000000000002,-7.5,105.5,102443.20833333333
28.400000000000002,-7.5,106.5,102443.20833333333
28.3,-8.15,105.5,102443.20833333333
27.5,-9.5,105.5,102443.20833333333
28.3,-8.08,105.43,102443.29166666667
28.3,-8.08,105.43,102443.375
28.3,-8.01,105.47,102443.45833333333
28.3,-8.01,105.47,102443.54166666667
28.3,-7.96,105.45,102443.625
28.3,-7.96,105.45,102443.70833333333
28.400000000000002,-7.5,106.5,102444.20833333333
28.0,-7.5,106.5,102444.20833333333
28.0,-8.5,105.5,102444.20833333333
27.8,-8.120000000000001,106.03,102444.79166666667
27.8,-8.120000000000001,106.03,102444.875
27.8,-8.08,105.92,102444.95833333333
27.8,-8.08,105.92,102445.04166666667
27.8,-8.120000000000001,105.72,102445.125
27.1,-5.5,126.5,102445.16666666667
27.700000000000003,-7.5,105.5,102445.20833333333
28.1,-7.5,106.5,102445.20833333333
28.5,-7.5,106.5,102445.20833333333
27.8,-8.120000000000001,105.72,102445.20833333333
28.900000000000002,-7.98,105.81,102445.29166666667
28.900000000000002,-7.98,105.81,102445.375
28.900000000000002,-7.98,105.81,102445.45833333333
28.900000000000002,-8.03,105.73,102445.54166666667
28.900000000000002,-8.05,105.65,102445.625
28.3,-8.05,105.65,102445.70833333333
28.3,-8.01,106.02,102445.79166666667
28.3,-7.97,105.93,102445.875
28.3,-7.98,105.86,102445.95833333333
28.3,-7.95,105.78,102446.04166666667
28.3,-7.95,105.78,102446.125
27.3,-7.5,125.5,102446.16666666667
28.5,-7.5,105.5,102446.20833333333
28.0,-7.5,106.5,102446.20833333333
28.200000000000003,-7.5,106.5,102446.20833333333
28.3,-7.95,105.78,102446.20833333333
28.5,-9.5,105.5,102446.20833333333
28.900000000000002,-7.94,105.7,102446.29166666667
26.3,-9.5,115.5,102446.33333333333
28.900000000000002,-7.94,105.7,102446.375
28.3,-7.930000000000001,105.63,102446.45833333333
28.3,-7.95,105.59,102446.54166666667
28.3,-7.95,105.59,102446.625
26.5,-9.5,115.5,102446.66666666667
28.3,-7.88,105.55,102446.70833333333
28.3,-8.03,105.42,102446.79166666667
26.8,-9.5,115.5,102446.83333333333
28.3,-8.03,105.42,102446.875
28.3,-8.03,105.42,102446.95833333333
27.0,-8.5,115.5,102447.0
28.3,-8.03,105.42,102447.04166666667
28.900000000000002,-7.92,105.37,102447.125
28.200000000000003,-7.5,125.5,102447.16666666667
27.200000000000003,-8.5,114.5,102447.16666666667
26.200000000000003,-9.5,115.5,102447.16666666667
28.700000000000003,-7.5,105.5,102447.20833333333
28.1,-7.5,105.5,102447.20833333333
28.0,-7.5,105.5,102447.20833333333
29.400000000000002,-7.87,105.28,102447.20833333333
28.400000000000002,-8.5,104.5,102447.20833333333
27.400000000000002,-8.5,116.5,102448.16666666667
27.3,-8.5,124.5,102448.16666666667
28.0,-7.5,104.5,102448.20833333333
28.3,-7.5,105.5,102448.20833333333
28.0,-7.5,105.5,102448.20833333333
28.3,-7.5,106.5,102448.20833333333
27.8,-7.5,116.5,102449.16666666667
27.900000000000002,-9.5,123.5,102449.16666666667
28.700000000000003,-7.5,105.5,102449.20833333333
28.8,-7.5,105.5,102449.20833333333
28.8,-7.5,105.5,102449.20833333333
28.0,-7.5,106.5,102449.20833333333
