28.8,-9.5,100.5,102389.20833333333
27.8,-6.5,104.5,102390.04166666667
28.900000000000002,-6.5,104.5,102390.20833333333
28.8,-6.5,104.5,102390.375
27.8,-6.5,103.5,102390.54166666667
28.0,-6.5,103.5,102390.70833333333
27.900000000000002,-6.5,103.5,102390.875
28.0,-7.5,103.5,102391.04166666667
28.1,-7.5,102.5,102391.20833333333
28.0,-7.5,102.5,102391.375
28.0,-7.5,102.5,102391.54166666667
27.0,-7.5,101.5,102391.70833333333
27.700000000000003,-7.5,101.5,102392.04166666667
28.6,-7.5,101.5,102392.20833333333
28.0,-7.5,100.5,102392.375
28.1,-8.5,100.5,102392.54166666667
28.3,-8.5,100.5,102392.70833333333
28.0,-8.5,100.5,102392.875
29.5,-7.5,104.5,102393.20833333333
29.400000000000002,-8.5,103.5,102394.20833333333
29.5,-9.5,102.5,102395.20833333333
29.8,-6.5,104.5,102396.875
29.8,-5.5,103.5,102397.04166666667
30.0,-5.5,103.5,102397.20833333333
30.200000000000003,-5.5,102.5,102397.375
28.6,-5.5,103.5,102398.875
29.0,-5.5,103.5,102399.04166666667
29.1,-5.5,104.5,102399.20833333333
29.3,-5.5,106.5,102405.20833333333
28.400000000000002,-5.5,101.5,102406.54166666667
28.0,-5.5,102.5,102406.70833333333
28.200000000000003,-5.5,103.5,102406.875
28.400000000000002,-5.5,103.5,102407.04166666667
29.400000000000002,-6.5,104.5,102407.20833333333
29.5,-6.5,104.5,102407.20833333333
28.6,-8.5,101.5,102408.20833333333
28.1,-8.5,105.5,102409.20833333333
29.400000000000002,-6.5,105.5,102410.20833333333
28.6,-6.5,102.5,102411.20833333333
28.400000000000002,-6.5,101.5,102411.375
28.400000000000002,-6.5,100.5,102411.54166666667
26.700000000000003,-8.3,102.11,102415.625
26.700000000000003,-8.44,101.89,102415.70833333333
28.900000000000002,-8.66,101.72,102415.79166666667
28.900000000000002,-8.8,101.49000000000001,102415.875
28.900000000000002,-8.950000000000001,101.26,102415.95833333333
28.900000000000002,-9.09,101.04,102416.04166666667
28.900000000000002,-9.24,100.81,102416.125
28.900000000000002,-9.38,100.58,102416.20833333333
28.900000000000002,-9.56,100.36,102416.29166666667
28.900000000000002,-9.74,100.13,102416.375
27.3,-7.5,103.5,102417.375
26.8,-7.5,102.5,102417.54166666667
27.0,-7.5,102.5,102417.70833333333
26.3,-7.5,101.5,102417.875
26.8,-7.5,101.5,102418.04166666667
27.3,-7.5,100.5,102418.20833333333
