28.8,-6.5,116.5,102573.16666666667
29.8,-5.5,116.5,102574.16666666667
27.6,-9.5,104.5,102574.20833333333
28.8,-5.5,106.5,102575.20833333333
27.400000000000002,-8.5,104.5,102575.20833333333
27.5,-9.5,104.5,102576.04166666667
29.0,-5.5,105.5,102576.20833333333
27.5,-7.5,105.5,102576.20833333333
26.5,-8.5,104.5,102576.20833333333
28.1,-5.5,105.5,102577.20833333333
28.400000000000002,-7.5,105.5,102577.20833333333
27.900000000000002,-8.5,104.5,102577.20833333333
28.0,-9.5,104.5,102577.70833333333
28.0,-9.5,104.5,102577.875
28.0,-8.5,104.5,102578.04166666667
28.6,-6.5,105.5,102578.20833333333
28.700000000000003,-6.5,105.5,102578.20833333333
28.400000000000002,-7.5,105.5,102578.20833333333
27.8,-9.5,104.5,102578.20833333333
28.0,-8.5,104.5,102578.70833333333
28.200000000000003,-5.5,103.5,102578.875
28.0,-8.5,104.5,102578.875
27.0,-5.5,103.5,102579.04166666667
28.0,-7.5,104.5,102579.04166666667
27.0,-5.5,102.5,102579.20833333333
27.6,-6.5,104.5,102579.20833333333
27.900000000000002,-6.5,105.5,102579.20833333333
28.0,-7.5,104.5,102579.20833333333
27.0,-5.5,101.5,102579.375
29.0,-7.5,104.5,102580.04166666667
29.1,-6.5,104.5,102580.20833333333
30.0,-7.5,104.5,102580.20833333333
28.0,-7.5,104.5,102580.20833333333
28.6,-7.5,105.5,102580.20833333333
28.200000000000003,-7.5,104.5,102580.375
28.200000000000003,-7.5,104.5,102580.54166666667
27.6,-7.5,104.5,102580.70833333333
27.200000000000003,-6.6000000000000005,104.71000000000001,102580.79166666667
27.200000000000003,-6.69,104.53,102580.875
27.6,-8.5,104.5,102580.875
27.200000000000003,-6.78,104.35000000000001,102580.95833333333
27.200000000000003,-6.87,104.17,102581.04166666667
27.6,-8.5,103.5,102581.04166666667
27.200000000000003,-6.98,104.0,102581.125
27.200000000000003,-7.08,103.83,102581.20833333333
28.1,-8.5,102.5,102581.20833333333
28.200000000000003,-8.5,103.5,102581.20833333333
27.6,-9.5,103.5,102581.20833333333
28.3,-6.82,103.37,102581.29166666667
27.200000000000003,-7.22,103.69,102581.29166666667
28.3,-6.82,103.37,102581.375
27.200000000000003,-7.36,103.54,102581.375
28.1,-8.5,102.5,102581.375
28.3,-6.82,103.37,102581.45833333333
27.200000000000003,-7.5,103.39,102581.45833333333
28.3,-6.82,103.37,102581.54166666667
27.200000000000003,-7.62,103.2,102581.54166666667
27.8,-9.5,102.5,102581.54166666667
28.3,-6.82,103.37,102581.625
27.200000000000003,-7.75,103.0,102581.625
28.3,-6.82,103.37,102581.70833333333
27.8,-7.87,102.8,102581.70833333333
27.8,-9.5,101.5,102581.70833333333
27.8,-7.61,102.16,102581.79166666667
28.3,-8.08,101.22,102581.79166666667
27.8,-7.75,101.94,102581.875
28.3,-8.08,101.22,102581.875
27.400000000000002,-9.5,101.5,102581.875
27.8,-7.91,101.68,102581.95833333333
28.3,-8.08,101.22,102581.95833333333
27.8,-8.07,101.43,102582.04166666667
28.3,-8.08,101.22,102582.04166666667
28.3,-8.08,101.22,102582.125
27.8,-8.24,101.17,102582.125
28.3,-8.08,101.22,102582.20833333333
27.8,-8.4,100.92,102582.20833333333
27.200000000000003,-8.23,100.99000000000001,102582.29166666667
27.8,-8.52,100.68,102582.29166666667
27.200000000000003,-8.23,100.99000000000001,102582.375
27.8,-8.64,100.44,102582.375
27.200000000000003,-8.33,100.72,102582.45833333333
27.5,-8.75,100.23,102582.45833333333
27.200000000000003,-8.33,100.72,102582.54166666667
27.5,-8.86,100.02,102582.54166666667
27.200000000000003,-8.33,100.72,102582.625
27.200000000000003,-8.33,100.72,102582.70833333333
27.900000000000002,-8.5,110.5,102582.70833333333
27.400000000000002,-8.5,109.5,102582.875
27.900000000000002,-8.5,109.5,102583.04166666667
27.900000000000002,-8.5,109.5,102583.20833333333
28.1,-9.5,108.5,102583.375
27.700000000000003,-9.5,108.5,102583.54166666667
27.400000000000002,-9.5,107.5,102583.70833333333
27.400000000000002,-9.5,107.5,102583.875
27.400000000000002,-9.5,107.5,102584.04166666667
27.700000000000003,-9.5,106.5,102584.20833333333
28.200000000000003,-9.5,113.5,102586.16666666667
27.700000000000003,-9.5,113.5,102586.33333333333
27.700000000000003,-9.5,113.5,102586.5
27.700000000000003,-9.5,112.5,102586.70833333333
29.700000000000003,-5.5,106.5,102588.20833333333
27.5,-9.5,114.5,102589.16666666667
29.5,-9.5,122.5,102589.16666666667
29.0,-5.5,104.5,102589.54166666667
28.5,-6.5,104.5,102589.70833333333
29.3,-8.5,123.5,102590.16666666667
29.200000000000003,-6.5,104.5,102590.20833333333
28.700000000000003,-6.5,105.5,102590.20833333333
31.200000000000003,-8.5,124.5,102591.16666666667
28.1,-6.5,104.5,102591.20833333333
28.0,-7.5,104.5,102591.20833333333
30.6,-8.5,125.5,102592.16666666667
27.0,-7.5,104.5,102592.20833333333
28.200000000000003,-8.5,103.5,102592.20833333333
27.8,-5.5,104.5,102592.70833333333
27.400000000000002,-5.5,103.5,102592.875
27.6,-5.5,103.5,102593.04166666667
30.700000000000003,-7.5,125.5,102593.16666666667
28.3,-8.5,103.5,102593.20833333333
28.200000000000003,-9.5,103.5,102593.20833333333
30.400000000000002,-7.5,125.5,102594.16666666667
27.3,-8.5,103.5,102594.20833333333
30.0,-6.5,125.5,102595.16666666667
27.8,-9.5,103.5,102595.20833333333
29.200000000000003,-5.5,125.5,102596.16666666667
27.900000000000002,-9.5,102.5,102596.20833333333
28.400000000000002,-6.5,104.5,102598.20833333333
28.400000000000002,-6.5,104.5,102598.375
28.400000000000002,-7.5,104.5,102598.54166666667
28.400000000000002,-7.5,104.5,102598.70833333333
28.400000000000002,-7.5,103.5,102598.875
28.400000000000002,-7.5,103.5,102599.04166666667
28.400000000000002,-7.5,102.5,102599.20833333333
28.400000000000002,-7.5,102.5,102599.375
28.400000000000002,-8.5,102.5,102599.54166666667
27.400000000000002,-8.5,102.5,102599.70833333333
27.900000000000002,-8.5,102.5,102599.875
28.400000000000002,-8.5,101.5,102600.04166666667
29.400000000000002,-8.5,101.5,102600.375
28.400000000000002,-8.5,101.5,102600.54166666667
28.400000000000002,-8.5,100.5,102600.70833333333
28.400000000000002,-9.5,100.5,102600.875
27.400000000000002,-9.5,100.5,102601.04166666667
29.200000000000003,-9.5,114.5,102601.16666666667
