28.1,-5.5,110.5,102328.20833333333
27.5,-5.5,113.5,102329.16666666667
30.6,-8.88,123.13000000000001,102329.16666666667
28.0,-9.5,103.5,102329.20833333333
28.5,-5.5,102.5,102329.70833333333
28.5,-5.5,103.5,102329.875
28.5,-5.5,103.5,102330.04166666667
27.5,-5.5,116.5,102330.16666666667
30.6,-8.85,124.5,102330.16666666667
28.5,-6.5,104.5,102330.20833333333
27.700000000000003,-6.5,104.5,102330.20833333333
27.900000000000002,-5.5,119.5,102331.16666666667
30.0,-8.6,124.8,102331.16666666667
28.8,-8.5,103.5,102331.20833333333
28.8,-5.5,120.5,102332.16666666667
29.400000000000002,-8.33,125.32000000000001,102332.16666666667
27.0,-6.5,105.5,102332.20833333333
28.0,-7.5,103.5,102332.20833333333
27.5,-6.5,104.5,102332.375
27.200000000000003,-7.5,104.5,102332.54166666667
27.3,-7.5,104.5,102332.875
27.6,-7.5,104.5,102333.04166666667
27.5,-5.5,121.5,102333.16666666667
30.0,-6.33,125.8,102333.16666666667
27.0,-6.5,104.5,102333.20833333333
28.5,-8.5,104.5,102333.20833333333
27.200000000000003,-6.5,105.5,102333.54166666667
28.0,-8.5,104.5,102334.04166666667
28.5,-5.5,123.5,102334.16666666667
28.0,-6.5,105.5,102334.20833333333
28.6,-8.5,104.5,102334.20833333333
28.5,-9.5,104.5,102334.375
28.0,-5.5,106.5,102335.20833333333
28.5,-9.5,104.5,102335.20833333333
28.8,-9.5,104.5,102335.375
27.700000000000003,-9.5,105.5,102335.54166666667
27.5,-9.5,105.5,102335.70833333333
30.0,-5.5,106.5,102336.20833333333
28.0,-5.5,103.5,102338.04166666667
29.200000000000003,-5.5,104.5,102338.20833333333
30.0,-5.5,102.5,102341.20833333333
27.0,-5.5,103.5,102342.875
27.5,-5.5,103.5,102343.04166666667
27.5,-5.5,104.5,102343.20833333333
28.6,-6.5,104.5,102350.20833333333
28.5,-8.5,104.5,102351.20833333333
29.0,-9.5,102.5,102351.875
27.5,-9.5,103.5,102352.04166666667
29.0,-9.5,103.5,102352.20833333333
28.0,-9.5,104.5,102352.20833333333
28.5,-8.5,104.5,102352.375
28.0,-8.5,104.5,102352.54166666667
28.0,-7.5,104.5,102352.70833333333
28.0,-7.5,104.5,102352.875
28.0,-5.5,106.5,102353.20833333333
28.900000000000002,-9.5,104.5,102353.20833333333
29.0,-6.5,103.5,102354.875
29.5,-6.5,103.5,102355.04166666667
30.0,-5.5,102.5,102355.20833333333
30.5,-5.5,102.5,102355.375
30.0,-5.5,101.5,102355.54166666667
29.5,-5.5,100.5,102355.70833333333
28.5,-6.5,105.5,102356.20833333333
27.6,-6.5,105.5,102357.20833333333
27.700000000000003,-5.5,103.5,102357.75
27.1,-5.5,104.5,102357.91666666667
28.0,-5.5,101.5,102358.20833333333
28.5,-7.5,104.5,102358.20833333333
28.0,-5.5,101.5,102358.375
27.3,-5.5,102.5,102358.54166666667
27.700000000000003,-5.5,103.5,102358.70833333333
27.1,-5.5,104.5,102358.875
