27.700000000000003,-6.5,103.5,102515.70833333333
27.200000000000003,-7.5,103.5,102515.875
27.5,-6.5,103.5,102516.04166666667
27.200000000000003,-7.5,103.5,102516.04166666667
27.200000000000003,-6.5,102.5,102516.20833333333
26.700000000000003,-7.5,102.5,102516.20833333333
27.1,-9.5,105.5,102516.20833333333
26.5,-6.5,102.5,102516.375
26.700000000000003,-8.5,101.5,102516.375
27.200000000000003,-7.5,101.5,102516.54166666667
26.900000000000002,-8.5,101.5,102516.54166666667
27.1,-7.5,100.5,102516.70833333333
28.1,-7.5,105.5,102517.20833333333
27.5,-5.5,100.5,102517.54166666667
27.5,-5.5,101.5,102517.70833333333
27.5,-6.5,101.5,102517.875
26.1,-9.5,115.5,102518.0
27.5,-6.5,102.5,102518.04166666667
26.6,-9.5,115.5,102518.16666666667
27.5,-6.5,103.5,102518.20833333333
28.6,-5.5,117.5,102519.16666666667
29.6,-7.5,116.5,102520.16666666667
28.3,-8.5,115.5,102521.16666666667
27.8,-9.5,115.5,102522.16666666667
28.5,-5.5,110.5,102523.20833333333
26.5,-9.5,114.5,102523.83333333333
26.5,-9.5,114.5,102524.0
26.900000000000002,-9.5,114.5,102524.16666666667
28.3,-5.5,110.5,102524.20833333333
28.3,-6.5,111.5,102525.20833333333
27.700000000000003,-6.5,112.5,102526.20833333333
27.8,-6.5,113.5,102527.16666666667
27.700000000000003,-6.5,114.5,102528.16666666667
27.700000000000003,-6.5,114.5,102529.16666666667
28.5,-7.5,114.5,102530.16666666667
28.3,-7.5,102.5,102530.20833333333
27.900000000000002,-7.5,105.5,102530.20833333333
28.200000000000003,-8.5,100.5,102531.20833333333
28.400000000000002,-5.5,109.5,102533.20833333333
28.3,-5.5,103.5,102533.54166666667
27.8,-5.5,103.5,102533.70833333333
27.8,-6.5,104.5,102533.875
28.8,-5.5,109.5,102534.20833333333
30.0,-6.5,105.5,102535.04166666667
28.700000000000003,-6.5,104.5,102535.20833333333
28.1,-6.5,109.5,102535.20833333333
29.0,-6.5,104.5,102535.375
28.200000000000003,-6.5,104.5,102535.54166666667
26.5,-9.5,105.5,102535.54166666667
26.0,-9.5,105.5,102535.70833333333
28.5,-6.5,103.5,102535.875
26.400000000000002,-8.5,105.5,102535.875
27.700000000000003,-7.5,103.5,102536.04166666667
26.700000000000003,-7.5,105.5,102536.04166666667
29.200000000000003,-7.5,102.5,102536.20833333333
27.0,-7.5,105.5,102536.20833333333
27.3,-7.5,102.5,102536.375
27.5,-7.5,101.5,102536.54166666667
27.5,-7.5,101.5,102536.70833333333
28.0,-6.5,103.5,102536.875
27.1,-8.5,101.5,102536.875
28.0,-6.5,103.5,102537.04166666667
28.0,-8.5,100.5,102537.04166666667
28.0,-5.5,107.5,102537.20833333333
28.0,-6.5,102.5,102537.20833333333
28.400000000000002,-8.5,100.5,102537.20833333333
28.5,-6.5,101.5,102537.375
29.3,-6.5,101.5,102537.54166666667
29.0,-7.5,100.5,102537.70833333333
28.5,-5.5,106.5,102538.20833333333
26.700000000000003,-9.5,123.5,102539.0
28.200000000000003,-5.5,106.5,102539.20833333333
27.200000000000003,-9.5,122.5,102539.5
27.200000000000003,-9.5,122.5,102539.66666666667
27.200000000000003,-9.5,123.5,102539.83333333333
26.700000000000003,-9.5,123.5,102540.0
27.200000000000003,-9.5,123.5,102540.16666666667
27.700000000000003,-5.5,106.5,102540.20833333333
27.200000000000003,-9.5,123.5,102540.33333333333
27.200000000000003,-9.5,123.5,102540.5
26.700000000000003,-9.5,123.5,102540.66666666667
26.1,-9.5,123.5,102540.83333333333
27.200000000000003,-9.5,123.5,102541.0
28.3,-9.5,123.5,102541.16666666667
28.400000000000002,-5.5,105.5,102541.20833333333
27.200000000000003,-9.5,123.5,102541.33333333333
27.200000000000003,-9.5,123.5,102541.5
27.200000000000003,-9.5,123.5,102541.66666666667
27.200000000000003,-9.5,123.5,102541.83333333333
