26.900000000000002,-5.5,103.5,102271.20833333333
26.400000000000002,-5.5,103.5,102271.375
25.900000000000002,-5.5,102.5,102271.54166666667
25.900000000000002,-5.5,102.5,102271.70833333333
29.200000000000003,-9.5,123.5,102272.16666666667
28.8,-8.5,125.5,102273.16666666667
27.0,-6.5,125.5,102274.16666666667
26.0,-5.5,102.5,102275.54166666667
26.0,-5.5,103.5,102275.70833333333
28.900000000000002,-9.5,119.5,102278.16666666667
28.700000000000003,-9.5,119.5,102278.33333333333
27.5,-9.5,119.5,102278.5
27.1,-9.5,120.5,102278.66666666667
28.1,-9.5,120.5,102279.16666666667
27.900000000000002,-9.5,120.5,102279.33333333333
27.900000000000002,-6.5,104.5,102282.20833333333
27.3,-8.5,103.5,102282.375
26.900000000000002,-9.5,103.5,102282.54166666667
26.400000000000002,-9.5,103.5,102282.70833333333
25.900000000000002,-9.5,103.5,102282.875
27.0,-8.5,104.5,102283.20833333333
27.1,-5.5,103.5,102283.54166666667
26.700000000000003,-5.5,103.5,102283.70833333333
26.900000000000002,-6.5,104.5,102283.875
27.6,-5.5,103.5,102285.04166666667
27.6,-5.5,102.5,102285.20833333333
27.6,-5.5,101.5,102285.375
27.400000000000002,-5.5,101.5,102285.54166666667
27.400000000000002,-5.5,101.5,102285.70833333333
27.8,-9.5,120.5,102286.0
27.8,-9.5,120.5,102286.83333333333
28.3,-9.5,120.5,102287.16666666667
28.5,-8.5,109.5,102287.20833333333
28.3,-9.5,121.5,102287.33333333333
28.3,-9.5,121.5,102287.5
27.8,-9.5,122.5,102287.66666666667
28.3,-7.5,109.5,102288.20833333333
27.3,-9.5,116.5,102288.66666666667
27.400000000000002,-9.5,116.5,102289.5
27.1,-9.5,116.5,102289.66666666667
28.700000000000003,-5.5,106.5,102293.20833333333
28.1,-8.5,105.5,102293.20833333333
28.400000000000002,-5.5,105.5,102294.20833333333
28.8,-8.5,104.5,102294.20833333333
28.700000000000003,-8.5,114.5,102295.16666666667
29.0,-6.5,105.5,102295.20833333333
28.8,-9.5,105.5,102295.20833333333
28.900000000000002,-8.5,114.5,102295.33333333333
27.8,-9.5,114.5,102295.66666666667
28.5,-9.5,114.5,102296.16666666667
30.200000000000003,-6.5,105.5,102296.20833333333
28.5,-9.5,114.5,102296.5
27.8,-6.5,104.5,102297.20833333333
28.5,-7.5,104.5,102298.20833333333
