28.5,-9.5,113.5,102605.20833333333
29.5,-9.5,113.5,102605.375
29.5,-9.5,114.5,102605.70833333333
29.0,-9.5,114.5,102605.875
28.0,-9.5,114.5,102606.04166666667
28.5,-8.5,114.5,102606.20833333333
27.8,-9.5,122.5,102607.16666666667
28.0,-7.5,123.5,102608.16666666667
26.6,-5.5,102.5,102609.04166666667
28.5,-6.5,124.5,102609.16666666667
27.0,-5.5,103.5,102609.20833333333
29.200000000000003,-5.5,125.5,102610.16666666667
29.200000000000003,-5.5,106.5,102611.20833333333
29.0,-5.5,106.5,102612.20833333333
26.6,-9.5,114.5,102612.54166666667
25.6,-9.5,114.5,102612.70833333333
28.5,-9.5,102.5,102613.875
28.5,-9.5,102.5,102614.20833333333
28.5,-8.5,102.5,102614.54166666667
28.700000000000003,-8.5,102.5,102616.20833333333
28.900000000000002,-7.5,102.5,102616.54166666667
28.5,-7.5,103.5,102616.875
28.5,-6.5,102.5,102617.20833333333
28.5,-6.5,103.5,102617.875
28.5,-6.5,104.5,102618.20833333333
28.700000000000003,-6.5,105.5,102618.20833333333
29.700000000000003,-5.5,102.5,102619.20833333333
27.8,-6.5,104.5,102619.20833333333
28.5,-6.5,104.5,102619.20833333333
29.5,-5.5,103.5,102619.375
27.700000000000003,-6.5,104.5,102619.375
29.400000000000002,-5.5,103.5,102619.54166666667
27.5,-6.5,104.5,102619.54166666667
27.400000000000002,-7.5,104.5,102619.70833333333
28.5,-5.5,103.5,102620.20833333333
28.6,-7.5,104.5,102620.20833333333
28.8,-7.5,104.5,102620.20833333333
28.5,-5.5,102.5,102620.375
28.0,-7.5,104.5,102620.375
28.8,-5.5,102.5,102620.54166666667
28.400000000000002,-8.5,104.5,102620.54166666667
28.5,-8.5,104.5,102621.04166666667
29.1,-9.5,114.5,102621.16666666667
29.400000000000002,-8.5,103.5,102621.20833333333
28.8,-8.5,104.5,102621.20833333333
28.900000000000002,-8.5,103.5,102621.375
28.400000000000002,-8.5,103.5,102621.54166666667
28.0,-8.5,103.5,102621.70833333333
28.0,-9.5,103.5,102621.875
29.6,-9.5,115.5,102622.16666666667
28.3,-8.5,103.5,102622.20833333333
28.700000000000003,-9.5,103.5,102622.375
28.400000000000002,-9.5,103.5,102622.54166666667
28.1,-9.5,102.5,102622.70833333333
30.6,-9.5,114.5,102623.16666666667
29.0,-9.5,103.5,102623.20833333333
29.0,-9.5,102.5,102623.375
28.6,-9.5,102.5,102623.54166666667
27.8,-9.5,101.5,102623.70833333333
29.400000000000002,-8.5,115.5,102624.16666666667
28.8,-9.5,101.5,102624.20833333333
30.3,-9.5,101.5,102624.20833333333
28.700000000000003,-9.5,101.5,102624.375
28.8,-8.5,115.5,102625.16666666667
30.200000000000003,-9.5,101.5,102625.20833333333
28.400000000000002,-8.5,115.5,102626.16666666667
31.700000000000003,-9.5,101.5,102626.20833333333
29.0,-8.5,115.5,102627.16666666667
29.5,-8.5,115.5,102628.16666666667
27.200000000000003,-5.01,106.4,102628.79166666667
27.200000000000003,-5.01,106.4,102628.875
27.200000000000003,-5.16,106.35000000000001,102628.95833333333
27.200000000000003,-5.16,106.35000000000001,102629.04166666667
27.8,-5.3,106.27,102629.125
29.5,-8.5,115.5,102629.16666666667
27.8,-5.3,106.27,102629.20833333333
26.700000000000003,-5.44,106.17,102629.29166666667
26.700000000000003,-5.44,106.17,102629.375
27.8,-5.44,106.17,102629.45833333333
27.8,-5.44,106.17,102629.54166666667
27.8,-5.49,106.08,102629.625
27.8,-5.49,106.08,102629.70833333333
27.200000000000003,-6.36,105.54,102629.79166666667
27.200000000000003,-6.4,105.45,102629.875
27.8,-6.42,105.43,102629.95833333333
27.8,-6.43,105.42,102630.04166666667
27.8,-6.43,105.42,102630.125
27.8,-6.43,105.42,102630.20833333333
30.0,-6.43,105.42,102630.29166666667
29.400000000000002,-6.390000000000001,105.36,102630.375
29.400000000000002,-6.38,105.33,102630.45833333333
27.200000000000003,-6.38,105.33,102630.54166666667
29.400000000000002,-6.38,105.33,102630.625
27.200000000000003,-6.37,105.28,102630.70833333333
27.200000000000003,-6.42,105.25,102630.79166666667
27.200000000000003,-6.42,105.16,102630.875
27.8,-6.42,105.06,102630.95833333333
28.3,-6.47,104.92,102631.04166666667
27.8,-6.53,104.82000000000001,102631.125
28.3,-6.6000000000000005,104.75,102631.20833333333
28.900000000000002,-6.65,104.71000000000001,102631.29166666667
28.900000000000002,-6.67,104.68,102631.375
28.900000000000002,-6.67,104.64,102631.45833333333
28.900000000000002,-6.68,104.61,102631.54166666667
27.8,-6.7,104.58,102631.625
27.8,-6.7,104.58,102631.70833333333
28.900000000000002,-6.75,104.28,102631.79166666667
28.3,-6.74,104.25,102631.875
28.3,-6.74,104.25,102631.95833333333
28.3,-6.78,104.22,102632.04166666667
28.3,-6.78,104.22,102632.125
28.3,-6.82,104.22,102632.20833333333
28.900000000000002,-6.82,104.22,102632.29166666667
29.400000000000002,-6.82,104.22,102632.375
29.400000000000002,-6.8,104.19,102632.45833333333
28.3,-6.86,104.22,102632.54166666667
28.3,-6.86,104.22,102632.625
28.3,-6.890000000000001,104.23,102632.70833333333
27.8,-6.78,104.27,102632.79166666667
27.8,-6.83,104.3,102632.875
27.8,-6.88,104.35000000000001,102632.95833333333
28.3,-6.92,104.38,102633.04166666667
28.3,-6.92,104.38,102633.125
28.3,-6.92,104.38,102633.20833333333
29.400000000000002,-6.92,104.35000000000001,102633.29166666667
29.400000000000002,-6.91,104.32000000000001,102633.375
29.400000000000002,-6.94,104.34,102633.45833333333
28.900000000000002,-6.99,104.39,102633.54166666667
28.3,-7.05,104.41,102633.625
28.3,-7.1000000000000005,104.45,102633.70833333333
28.3,-6.890000000000001,104.38,102633.79166666667
28.3,-6.92,104.39,102633.875
28.3,-6.92,104.39,102633.95833333333
