27.200000000000003,-9.5,123.5,102542.0
27.8,-9.5,123.5,102542.16666666667
27.8,-9.5,123.5,102542.33333333333
27.200000000000003,-9.5,123.5,102542.5
27.200000000000003,-9.5,123.5,102542.66666666667
27.900000000000002,-6.5,105.5,102543.20833333333
29.5,-6.5,103.5,102544.20833333333
28.0,-7.5,102.5,102544.375
28.5,-7.5,101.5,102544.54166666667
28.0,-7.5,101.5,102544.70833333333
27.5,-7.5,100.5,102544.875
27.6,-7.5,100.5,102545.04166666667
27.0,-9.5,103.5,102545.20833333333
28.5,-6.5,104.5,102546.20833333333
28.5,-7.5,104.5,102546.20833333333
27.5,-8.5,102.5,102546.20833333333
28.0,-6.5,104.5,102547.20833333333
27.1,-8.5,102.5,102547.20833333333
27.8,-5.5,102.5,102547.875
25.700000000000003,-6.5,103.5,102548.04166666667
29.0,-5.5,105.5,102548.20833333333
27.0,-6.5,104.5,102548.20833333333
28.400000000000002,-6.5,111.5,102549.20833333333
29.400000000000002,-6.5,112.5,102550.20833333333
27.5,-6.5,102.5,102551.20833333333
27.5,-6.5,101.5,102551.375
27.5,-6.5,100.5,102551.54166666667
28.6,-9.5,114.5,102558.16666666667
26.6,-9.5,114.5,102558.5
26.6,-9.5,114.5,102558.66666666667
26.6,-8.5,115.5,102558.83333333333
26.6,-8.5,115.5,102559.0
27.6,-8.5,116.5,102559.16666666667
27.900000000000002,-7.5,104.5,102559.375
27.700000000000003,-7.5,104.5,102559.54166666667
27.5,-7.5,103.5,102559.70833333333
27.6,-8.5,103.5,102559.875
27.400000000000002,-8.5,103.5,102560.04166666667
27.5,-9.5,102.5,102560.20833333333
27.0,-9.5,102.5,102560.375
27.5,-9.5,102.5,102560.54166666667
28.0,-6.5,104.5,102564.70833333333
27.400000000000002,-5.5,103.5,102564.875
27.3,-6.5,104.5,102564.875
28.0,-5.5,103.5,102565.04166666667
27.700000000000003,-5.5,103.5,102565.04166666667
28.1,-5.5,103.5,102565.20833333333
27.900000000000002,-5.5,102.5,102565.375
28.8,-6.5,104.5,102570.20833333333
29.6,-9.5,116.5,102571.16666666667
29.5,-7.5,103.5,102571.20833333333
29.900000000000002,-7.5,117.5,102572.16666666667
28.3,-8.5,101.5,102572.20833333333
