28.0,-8.5,104.5,102359.20833333333
28.8,-9.5,103.5,102360.20833333333
27.5,-6.5,103.5,102369.04166666667
27.5,-5.5,102.5,102369.20833333333
27.5,-5.5,101.5,102369.375
27.5,-5.5,101.5,102369.54166666667
29.5,-5.5,102.5,102370.20833333333
29.0,-5.5,103.5,102370.375
30.0,-5.5,103.5,102370.54166666667
29.5,-6.5,104.5,102370.70833333333
28.5,-6.5,103.5,102376.20833333333
28.0,-6.5,102.5,102376.375
28.0,-7.5,102.5,102376.54166666667
28.5,-7.5,102.5,102376.70833333333
28.400000000000002,-7.5,101.5,102376.875
28.0,-7.5,101.5,102377.04166666667
28.200000000000003,-8.5,100.5,102377.20833333333
28.400000000000002,-8.5,100.5,102377.375
29.200000000000003,-9.5,104.5,102380.20833333333
29.0,-9.5,104.5,102381.20833333333
24.400000000000002,-5.5,101.5,102382.20833333333
29.5,-8.5,104.5,102382.20833333333
28.5,-6.5,104.5,102382.70833333333
28.5,-6.5,103.5,102382.875
27.8,-9.5,115.5,102383.0
28.5,-6.5,103.5,102383.04166666667
27.8,-9.5,116.5,102383.16666666667
28.900000000000002,-6.5,102.5,102383.20833333333
28.900000000000002,-7.5,104.5,102383.20833333333
28.5,-6.5,101.5,102383.375
27.8,-9.5,116.5,102383.5
28.5,-6.5,100.5,102383.54166666667
27.8,-9.5,116.5,102383.66666666667
27.900000000000002,-6.5,100.5,102383.70833333333
27.3,-8.5,116.5,102383.83333333333
27.3,-8.5,116.5,102384.0
28.3,-8.5,116.5,102384.16666666667
30.0,-6.5,105.5,102384.20833333333
28.5,-6.5,104.5,102385.20833333333
29.0,-6.5,105.5,102385.20833333333
29.0,-6.5,104.5,102385.375
28.5,-6.5,104.5,102385.54166666667
28.5,-6.5,103.5,102385.70833333333
28.5,-6.5,103.5,102385.875
28.5,-6.5,103.5,102386.04166666667
30.5,-6.5,105.5,102386.20833333333
28.5,-7.5,103.5,102386.20833333333
29.0,-7.5,103.5,102386.375
28.5,-7.5,102.5,102386.54166666667
28.5,-7.5,102.5,102386.70833333333
28.5,-7.5,102.5,102386.875
28.0,-7.5,101.5,102387.04166666667
29.5,-6.5,105.5,102387.20833333333
28.8,-7.5,103.5,102387.20833333333
28.5,-8.5,101.5,102387.20833333333
27.5,-8.5,101.5,102387.375
28.0,-8.5,100.5,102387.54166666667
28.5,-8.5,100.5,102387.875
28.5,-8.5,100.5,102388.04166666667
28.8,-8.5,102.5,102388.20833333333
