29.3,-7.5,104.5,102299.20833333333
27.5,-7.5,104.5,102300.20833333333
26.0,-8.5,104.5,102300.20833333333
28.3,-9.5,122.5,102301.0
29.3,-5.5,105.5,102301.20833333333
27.8,-8.5,104.5,102301.20833333333
24.6,-9.5,102.5,102301.20833333333
27.8,-9.5,122.5,102301.83333333333
28.200000000000003,-8.5,123.5,102302.16666666667
29.400000000000002,-9.5,121.5,102302.16666666667
29.6,-6.5,105.5,102302.20833333333
28.0,-6.5,105.5,102302.20833333333
28.8,-8.5,104.5,102302.20833333333
29.400000000000002,-9.5,120.5,102302.33333333333
28.3,-9.5,120.5,102302.5
28.0,-8.5,125.5,102303.16666666667
29.0,-9.5,104.5,102303.20833333333
27.900000000000002,-6.5,125.5,102304.16666666667
30.5,-6.5,104.5,102304.20833333333
30.0,-9.5,103.5,102304.20833333333
28.0,-5.5,126.5,102305.16666666667
30.5,-6.5,103.5,102305.20833333333
30.5,-6.5,103.5,102306.20833333333
29.900000000000002,-6.5,102.5,102307.20833333333
29.5,-9.5,101.5,102307.20833333333
30.900000000000002,-7.5,101.5,102308.20833333333
30.700000000000003,-9.5,100.5,102308.20833333333
29.8,-7.5,101.5,102309.20833333333
30.200000000000003,-8.5,101.5,102309.20833333333
29.200000000000003,-6.5,104.5,102310.20833333333
22.8,-7.5,102.5,102310.20833333333
30.200000000000003,-6.5,103.5,102311.20833333333
29.6,-6.5,103.5,102311.20833333333
29.6,-6.5,103.5,102312.20833333333
30.0,-7.5,102.5,102312.20833333333
27.900000000000002,-5.5,104.5,102312.70833333333
28.1,-5.5,103.5,102312.875
28.900000000000002,-5.5,103.5,102313.04166666667
29.0,-5.5,102.5,102313.20833333333
31.400000000000002,-6.5,103.5,102313.20833333333
30.5,-7.5,102.5,102313.20833333333
29.0,-5.5,101.5,102313.375
30.200000000000003,-6.5,104.5,102314.20833333333
29.200000000000003,-8.5,100.5,102314.20833333333
29.6,-6.5,104.5,102315.20833333333
29.5,-6.5,105.5,102316.20833333333
28.8,-8.5,114.5,102316.33333333333
28.8,-8.5,114.5,102316.66666666667
29.3,-8.5,114.5,102317.16666666667
29.3,-9.5,114.5,102317.66666666667
28.5,-5.5,103.5,102317.875
29.3,-9.5,114.5,102318.16666666667
27.6,-8.5,102.5,102318.20833333333
29.0,-9.5,114.5,102318.66666666667
29.3,-9.5,114.5,102319.16666666667
26.8,-7.5,103.5,102319.20833333333
27.8,-6.5,103.5,102320.20833333333
28.5,-6.5,105.5,102321.20833333333
28.700000000000003,-7.5,104.5,102321.20833333333
27.5,-9.5,101.5,102321.70833333333
26.700000000000003,-9.5,102.5,102321.875
26.900000000000002,-9.5,102.5,102322.04166666667
28.0,-6.5,105.5,102322.20833333333
27.200000000000003,-9.5,102.5,102322.20833333333
27.5,-8.5,102.5,102322.375
27.200000000000003,-8.5,103.5,102322.54166666667
27.200000000000003,-7.5,103.5,102322.70833333333
26.900000000000002,-7.5,103.5,102322.875
27.200000000000003,-7.5,103.5,102323.04166666667
25.8,-6.5,104.5,102323.70833333333
26.400000000000002,-6.5,104.5,102323.875
26.900000000000002,-6.5,105.5,102324.04166666667
27.5,-8.5,103.5,102324.20833333333
27.5,-6.5,104.5,102325.20833333333
30.6,-9.8,122.45,102327.16666666667
