28.8,-5.5,106.5,102481.20833333333
29.5,-6.5,105.5,102481.20833333333
27.400000000000002,-6.5,105.5,102481.20833333333
28.900000000000002,-5.72,106.0,102482.20833333333
28.200000000000003,-6.5,105.5,102482.20833333333
28.900000000000002,-5.66,106.03,102482.29166666667
29.400000000000002,-5.66,106.03,102482.375
28.3,-5.66,106.03,102482.45833333333
28.900000000000002,-5.66,106.03,102482.54166666667
28.3,-5.66,106.03,102482.625
28.3,-5.66,106.03,102482.70833333333
28.3,-5.21,106.22,102482.79166666667
28.3,-5.21,106.22,102482.875
27.8,-5.0200000000000005,106.23,102482.95833333333
27.8,-5.0200000000000005,106.23,102483.04166666667
28.0,-6.5,105.5,102483.20833333333
29.400000000000002,-5.82,105.85000000000001,102483.95833333333
29.400000000000002,-5.82,105.85000000000001,102484.04166666667
29.400000000000002,-5.82,105.85000000000001,102484.125
28.3,-5.5,105.5,102484.20833333333
29.400000000000002,-5.8,105.85000000000001,102484.20833333333
30.0,-5.7,105.87,102484.29166666667
30.0,-5.61,105.9,102484.375
30.0,-5.5,105.94,102484.45833333333
30.0,-5.42,106.03,102484.54166666667
30.0,-5.3500000000000005,106.14,102484.625
29.400000000000002,-5.3500000000000005,106.14,102484.70833333333
29.400000000000002,-5.3,106.15,102484.79166666667
28.900000000000002,-5.25,106.2,102484.875
28.900000000000002,-5.18,106.27,102484.95833333333
29.400000000000002,-5.11,106.31,102485.04166666667
29.400000000000002,-5.05,106.34,102485.125
30.0,-5.0,106.35000000000001,102485.20833333333
25.700000000000003,-9.5,114.5,102487.66666666667
25.700000000000003,-9.5,114.5,102487.83333333333
26.200000000000003,-9.5,114.5,102488.0
26.200000000000003,-8.5,114.5,102488.16666666667
28.5,-5.5,100.5,102492.04166666667
29.5,-5.5,101.5,102492.20833333333
29.0,-6.5,102.5,102495.20833333333
29.0,-6.5,101.5,102495.375
29.0,-6.5,101.5,102495.54166666667
29.3,-6.5,100.5,102495.70833333333
27.6,-7.5,106.5,102507.20833333333
22.400000000000002,-9.5,104.5,102507.20833333333
28.0,-7.5,105.5,102508.20833333333
26.5,-6.5,104.5,102508.54166666667
26.5,-6.5,104.5,102508.70833333333
26.5,-6.5,103.5,102508.875
26.5,-6.5,102.5,102509.04166666667
26.5,-6.5,102.5,102509.20833333333
27.0,-6.5,105.5,102509.20833333333
26.5,-6.5,101.5,102509.375
26.700000000000003,-6.5,100.5,102509.54166666667
26.700000000000003,-6.5,100.5,102509.70833333333
27.5,-5.5,106.5,102510.20833333333
26.0,-9.5,118.5,102511.16666666667
