27.5,-5.5,117.5,102450.16666666667
29.0,-7.5,104.5,102450.20833333333
29.0,-7.5,105.5,102450.20833333333
28.700000000000003,-7.5,105.5,102450.20833333333
28.200000000000003,-7.5,105.5,102450.20833333333
29.0,-7.5,105.5,102451.20833333333
28.5,-7.5,105.5,102451.20833333333
28.700000000000003,-7.5,105.5,102451.20833333333
28.5,-7.5,105.5,102451.20833333333
28.8,-7.5,105.5,102452.20833333333
28.700000000000003,-7.5,105.5,102452.20833333333
29.3,-7.5,105.5,102452.20833333333
28.700000000000003,-8.5,105.5,102452.20833333333
27.8,-5.5,104.5,102452.70833333333
27.8,-5.5,104.5,102452.875
27.6,-5.5,103.5,102453.04166666667
28.0,-5.5,103.5,102453.20833333333
29.0,-7.5,105.5,102453.20833333333
29.0,-7.5,105.5,102453.20833333333
29.0,-7.5,105.5,102453.20833333333
28.5,-7.5,106.5,102453.20833333333
28.200000000000003,-7.5,105.5,102454.20833333333
28.700000000000003,-7.5,105.5,102454.20833333333
28.200000000000003,-8.5,105.5,102454.20833333333
28.700000000000003,-7.5,105.5,102455.20833333333
28.200000000000003,-7.5,105.5,102455.20833333333
28.5,-9.5,105.5,102455.20833333333
28.5,-6.5,105.5,102456.20833333333
27.8,-7.5,105.5,102456.20833333333
27.6,-9.5,104.5,102456.20833333333
28.400000000000002,-5.5,106.5,102457.20833333333
28.1,-7.5,104.5,102457.20833333333
29.0,-7.5,105.5,102457.20833333333
28.5,-6.5,105.5,102458.20833333333
27.700000000000003,-9.5,106.5,102458.70833333333
27.700000000000003,-9.5,106.5,102458.875
27.900000000000002,-8.5,106.5,102459.04166666667
28.5,-6.5,105.5,102459.20833333333
28.200000000000003,-8.5,106.5,102459.20833333333
27.900000000000002,-7.5,106.5,102459.375
27.700000000000003,-7.5,106.5,102459.54166666667
27.8,-7.5,105.5,102459.70833333333
27.900000000000002,-6.5,105.5,102459.875
28.5,-6.5,105.5,102460.04166666667
28.3,-5.5,106.5,102460.20833333333
28.0,-6.5,102.5,102460.20833333333
28.900000000000002,-6.5,105.5,102460.20833333333
28.5,-6.5,102.5,102460.375
28.5,-6.5,101.5,102460.54166666667
28.0,-6.5,101.5,102460.70833333333
28.0,-6.5,100.5,102460.875
28.5,-5.5,106.5,102461.20833333333
27.900000000000002,-9.5,105.5,102465.20833333333
29.3,-5.5,101.5,102466.375
28.700000000000003,-5.5,102.5,102466.54166666667
29.0,-5.5,102.5,102466.70833333333
26.6,-5.5,103.5,102466.875
27.0,-5.5,103.5,102467.04166666667
27.3,-6.5,104.5,102467.20833333333
27.8,-6.47,105.12,102467.79166666667
27.8,-6.49,105.06,102467.875
27.8,-6.5,104.99000000000001,102467.95833333333
27.8,-6.5200000000000005,104.84,102468.04166666667
27.8,-6.59,104.65,102468.125
27.8,-6.7,104.48,102468.20833333333
27.8,-6.78,104.36,102468.29166666667
27.8,-6.84,104.26,102468.375
27.8,-6.88,104.2,102468.45833333333
27.8,-6.91,104.14,102468.54166666667
27.8,-6.98,104.03,102468.625
27.8,-7.0600000000000005,103.9,102468.70833333333
27.8,-7.1000000000000005,104.37,102468.79166666667
27.8,-7.25,104.21000000000001,102468.875
27.8,-7.41,104.04,102468.95833333333
28.3,-7.58,103.86,102469.04166666667
27.8,-7.7700000000000005,103.66,102469.125
27.8,-7.95,103.47,102469.20833333333
27.8,-8.05,103.22,102469.29166666667
27.8,-8.14,102.96000000000001,102469.375
27.8,-8.23,102.75,102469.45833333333
27.8,-8.33,102.57000000000001,102469.54166666667
27.8,-8.44,102.4,102469.625
27.8,-8.51,102.22,102469.70833333333
27.200000000000003,-8.0,105.61,102469.79166666667
27.8,-8.46,102.04,102469.79166666667
27.200000000000003,-8.0,105.61,102469.875
27.8,-8.540000000000001,101.85000000000001,102469.875
27.200000000000003,-8.0,105.61,102469.95833333333
27.8,-8.65,101.68,102469.95833333333
27.200000000000003,-8.0,105.61,102470.04166666667
27.8,-8.76,101.51,102470.04166666667
27.200000000000003,-8.83,101.4,102470.125
27.200000000000003,-8.9,101.28,102470.20833333333
26.700000000000003,-8.96,101.18,102470.29166666667
26.700000000000003,-9.03,101.08,102470.375
26.700000000000003,-9.09,100.99000000000001,102470.45833333333
26.700000000000003,-9.13,100.88,102470.54166666667
26.700000000000003,-9.18,100.77,102470.625
26.700000000000003,-9.22,100.66,102470.70833333333
27.200000000000003,-8.5,106.5,102478.20833333333
26.5,-5.5,103.5,102478.54166666667
26.0,-5.5,103.5,102478.70833333333
26.700000000000003,-8.72,105.15,102478.79166666667
26.5,-5.5,104.5,102478.875
26.700000000000003,-8.370000000000001,105.16,102478.875
26.700000000000003,-8.03,105.17,102478.95833333333
27.0,-5.5,104.5,102479.04166666667
26.700000000000003,-7.7,105.18,102479.04166666667
27.8,-7.3500000000000005,105.19,102479.125
27.5,-5.5,105.5,102479.20833333333
28.3,-6.5,105.5,102479.20833333333
27.8,-7.0,105.2,102479.20833333333
26.900000000000002,-8.5,102.5,102479.20833333333
26.5,-9.5,105.5,102479.20833333333
27.8,-6.74,105.38,102479.29166666667
28.3,-6.62,105.58,102479.375
27.0,-9.5,105.5,102479.375
28.3,-6.44,105.71000000000001,102479.45833333333
27.8,-6.26,105.79,102479.54166666667
27.5,-8.5,105.5,102479.54166666667
27.8,-6.15,105.84,102479.625
27.8,-6.09,105.87,102479.70833333333
27.5,-8.5,105.5,102479.70833333333
27.400000000000002,-7.5,105.5,102479.875
27.200000000000003,-9.98,106.42,102479.95833333333
27.5,-7.5,105.5,102480.04166666667
27.8,-9.74,106.47,102480.04166666667
27.8,-9.49,106.53,102480.125
29.0,-5.5,105.5,102480.20833333333
27.8,-9.25,106.58,102480.20833333333
26.1,-9.5,105.5,102480.20833333333
28.900000000000002,-9.01,106.64,102480.29166666667
28.900000000000002,-8.76,106.67,102480.375
28.900000000000002,-8.51,106.7,102480.45833333333
28.900000000000002,-8.28,106.73,102480.54166666667
28.900000000000002,-8.05,106.76,102480.625
28.900000000000002,-7.8500000000000005,106.78,102480.70833333333
